Matrix M
 1  0  0  0  0  0
 1  1  0  0  0  0
 1  2  1  0  0  0
 1  3  3  1  0  0
 1  4  6  4  1  0
 1  5 10 10  5  1


Matrix M inverse
  1  0  0  0  0  0
 -1  1  0  0  0  0
  1 -2  1  0  0  0
  1  3 -3  1  0  0
  1  4  6 -4  1  0
  1  5 10 10 -5  1


Matrix M inverse left
 1  0  0  0  0  0	 0  0  0  0  0
 0  1  0  0  0  0	 1  0  0  0  0
 1  0  1  0  0  0	 0  2  0  0  0
 0  3  0  1  0  0	 1  0  3  0  0
 1  0  6  0  1  0	 0  4  0  4  0
 0  5  0 10  0  1	 1  0 10  0  5


Matris M inverst right
 0  0  0  0  0
 1  0  0  0  0
 0  2  0  0  0
 1  0  3  0  0
 0  4  0  4  0
 1  0 10  0  5


M × MI left
  1   0   0   0   0   0    0   0   0   0   0
  1   1   0   0   0   0    1   0   0   0   0
  2   2   1   0   0   0    2   2   0   0   0
  4   6   3   1   0   0    4   6   3   0   0
  8  16  12   4   1   0    8  16  12   4   0
 16  40  40  20   5   1   16  40  40  20   5


M × MI right
  0   0   0   0   0
  1   0   0   0   0
  2   2   0   0   0
  4   6   3   0   0
  8  16  12   4   0
 16  40  40  20   5
